3,1;Sonia;88;99/77;36,8;15
10,5;Anthony;51;88/50;37,1;23
14;Keane;46;110/75;40,7;20
18,6;Paula;37;172/138;36,6;31
7,1;Herrod;75;124/85;37,1;30
2,2;Dylan;78;165/147;39,5;37
11;Clinton;90;133/97;39,3;35
22,1;Moana;60;88/51;40,6;15
13,5;Coby;114;98/59;37,8;34
12,4;Nomlanga;82;81/53;41,2;14
9,5;TaShya;37;155/119;37,6;18
22,2;Maia;46;68/45;38,9;22
11,2;Stewart;70;151/112;36,9;13
16,8;Cailin;92;93/75;42,4;13
22,2;Bert;59;77/43;42,8;22
12;Astra;80;81/46;36,7;17
15,8;Lucian;75;180/147;37,3;30
14,5;Armand;78;91/76;37,1;13
21,9;Calvin;113;99/83;37,4;15
10,2;Rhoda;138;110/92;37,1;20
9,5;Rosalyn;89;142/125;39,3;16
8,7;Iola;75;146/124;37,1;20
14,5;Hadassah;78;97/62;38,9;15
16,4;Carolyn;65;119/90;36,8;37
10,3;Meghan;22;111/82;37,1;34
9;George;26;88/68;37,2;18
8,4;Evelyn;32;101/77;39,5;16
8,7;Leroy;85;113/93;38,3;19
20,1;Steven;155;65/27;38,4;17
14,2;Nash;62;73/50;37,2;11
16,1;Scarlet;84;98/62;37,1;15
22,3;Nicole;42;53/34;40;20
23,9;Demetria;56;158/134;37,2;17
15;Timon;32;120/89;37,4;16
4,9;Libby;42;111/74;41,5;18
17,3;Olympia;108;56/33;36,9;15
10,8;Chloe;71;63/27;37;36
13,1;Clinton;46;128/98;37,1;27
11,3;Brandon;51;96/60;39,9;18
11,3;Matthew;38;93/73;37,5;12
8,9;Keegan;47;102/82;42,7;33
15,6;Dorian;48;113/88;42,2;27
7,3;Urielle;127;51/41;41,1;40
21,4;Xaviera;81;83/54;37;16
14;Alexandra;48;117/92;36,9;37
17;Baxter;38;95/62;37,8;39
18,6;Marcia;75;116/86;37,2;19
12,6;Jarrod;61;100/81;41;20
8,6;Amela;72;163/124;42,7;37
18,8;Deborah;90;91/75;36,8;16
13,8;Lael;21;96/69;36,6;16
17,9;Hoyt;45;119/97;41,4;12
7,3;Louis;27;164/149;42,3;18
16,8;Shaeleigh;64;56/27;36,8;18
12,4;Nomlanga;143;119/104;39,8;14
8,6;Dustin;61;96/59;36,7;26
17,6;Summer;104;183/164;38;28
8,1;Quincy;58;95/68;37;11
10,2;Arsenio;93;105/75;42,4;36
15,3;Holly;79;47/35;37,2;17
19,2;Germaine;66;98/81;37,2;20
9,5;Thor;89;187/171;37;25
22;Keegan;25;92/54;36,6;40
17,9;Laith;85;104/69;37,6;40
12,4;Helen;34;65/34;39,9;16
17,8;Odysseus;70;80/47;37;20
13;Kalia;83;131/91;41,5;34
22,1;Jarrod;35;93/78;37,1;18
13,2;Haviva;46;181/153;41,5;31
10,4;Fritz;88;68/46;37,6;14
11,3;Naomi;34;150/114;36,7;18
14,2;Malachi;65;113/87;42,5;10
8,2;Sonia;72;56/31;36,8;20
17,9;Sylvia;89;107/86;39,2;15
11,1;Linus;58;91/55;39;31
20,2;Shea;160;98/60;37,1;15
14,1;Indira;87;127/102;42,4;18
22,2;Karina;61;173/157;41,4;37
19,8;Dahlia;22;148/123;40,5;37
8,1;Sopoline;102;114/89;37,1;34
13,7;Rhiannon;30;116/80;41,2;25
4,1;Derek;63;144/105;39;20
23;Kendall;66;59/31;39,4;32
1;Zachary;36;154/116;39,1;15
8,6;Alisa;27;105/87;42,8;17
17,6;Cade;85;177/139;37,1;18
9,9;Chelsea;28;94/64;39,2;29
21,7;Haviva;62;89/51;36,6;15
16,3;Shaeleigh;94;92/68;37,2;20
14,6;Emma;76;90/61;37,2;15
11,9;Raya;79;77/57;36,7;21
20,7;Jack;89;131/95;37,1;17
12,2;Hop;133;90/54;37,1;33
11,1;Carson;33;125/99;40,9;28
14,9;Gage;74;117/82;42;33
20,4;Xaviera;58;104/68;39,5;12
14,1;Rhiannon;32;69/37;36,6;18
9;Jamalia;68;172/142;40,4;28
13,3;Drake;61;123/106;41,1;18
21,3;Ora;63;150/124;42,2;13
23,5;Lionel;37;65/45;38;11
20,8;Chester;143;89/50;39,3;31
21,8;Kato;33;117/82;38,6;38
18;Xenos;72;42/25;37,1;32
16,3;Laith;72;92/54;41;17
9,4;Rina;54;95/74;37,1;11
8,2;Quin;20;163/137;38,2;16
9;Chantale;148;50/32;38,9;34
18,8;Shana;124;90/67;37;30
23;Trevor;82;140/106;37;13
1,8;Maia;60;106/87;37,1;26
13,3;Marsden;84;105/90;37,1;18
22,8;Aidan;107;104/71;39,2;24
6,3;Uriel;39;63/37;38,5;38
17,1;Phyllis;74;72/42;42,8;22
1,9;Scarlet;82;59/38;36,7;35
18;Emily;46;90/73;36,6;30
18;Tanner;81;104/88;41,8;12
9,1;Cailin;72;102/64;39,7;20
7,4;Chelsea;123;120/105;36,7;15
17,7;Quin;32;181/163;36,9;37
12,6;Odessa;31;110/77;42,9;26
9,4;Reece;86;120/95;39,2;34
8,2;Megan;147;161/136;36,6;26
21,5;Laith;99;98/63;37,1;18
5,3;Fuller;70;42/32;40;18
15,6;Quinn;65;94/62;36,8;16
16,7;Blaine;22;59/28;37,2;31
18,7;Armando;31;154/127;40,2;16
16,6;Gareth;52;91/73;39;35
22,9;Juliet;53;107/84;41,8;16
18,3;Caleb;108;167/145;36,7;32
13,5;Ocean;138;106/66;37,1;19
15,1;Katelyn;41;81/61;37;13
17,4;Nolan;135;187/162;37,2;17
18,7;Fiona;50;167/151;37,2;17
13,5;Coby;31;68/53;40,9;33
17,3;Gage;48;101/61;40,9;15
23,3;Freya;70;105/90;36,9;15
20,7;Lenore;70;135/103;39,5;15
11,7;Barry;79;119/91;36,6;20
18,9;Laith;89;122/82;39,3;20
3,2;Fritz;81;180/142;39,4;12
9,8;Davis;97;99/68;36,8;31
21,1;Shelly;60;106/83;37;20
16,6;Silas;30;132/112;40,1;26
10,8;Leigh;20;46/27;42,6;15
20,2;Leo;79;59/34;37;15
18,2;Tad;90;108/92;42,7;14
4,6;Hollee;69;100/82;37,6;18
18,1;Thaddeus;54;133/99;41,7;13
21,1;Alexandra;149;104/77;36,8;23
20,4;Laura;57;144/115;38;32
8,3;Gwendolyn;77;189/149;37,5;17
18,7;Maryam;114;176/151;36,8;35
17,8;Linus;123;114/85;36,7;19
13,8;Martha;59;120/86;37;30
4,9;Sierra;71;111/93;36,9;17
10,2;Adrian;82;90/74;40,3;17
21,1;Yuri;61;92/56;40,4;22
10,1;Ignatius;22;111/89;38,2;10
22,7;Uriel;108;148/124;37,2;31
14,4;Tyler;82;101/84;38,9;17
21,5;Cairo;78;108/88;40,2;25
20,9;Moana;74;92/52;42,2;21
19,3;Hu;38;93/60;38,5;23
6,7;Wayne;73;102/64;42,1;10
19,5;Colleen;70;173/141;37,9;15
8;Keaton;70;113/97;37,2;33
7,1;Russell;24;75/42;41,1;31
14,2;Kuame;48;144/113;37;17
13,4;Lucius;72;93/78;41,8;18
1,9;Rebecca;42;72/37;37,2;37
15,2;Tarik;79;130/104;36,8;33
17,6;Gretchen;55;99/72;41,7;29
14,5;Mona;84;67/27;36,6;35
21,1;Aurora;83;71/44;40;18
8,5;Gavin;20;188/163;43;33
11,9;Driscoll;82;152/118;36,8;20
13,5;Asher;79;119/97;39,1;29
20,2;Dylan;22;106/84;41,7;33
20,4;Richard;132;91/74;37;20
1,4;Kirby;31;98/66;37,8;17
10,9;Yael;66;59/34;38,2;16
21,3;Jared;82;64/27;36,6;39
2,4;Ulric;47;110/86;40,7;14
1,4;Mark;68;42/30;39,5;19
19,6;Ocean;81;140/105;41,7;10
7,2;Justina;142;99/76;40,7;34
11,6;Yuri;35;175/142;36,7;19
1,9;Amber;87;41/20;37;29
14,4;Gray;73;100/60;38,7;32
18,8;Hollee;64;109/85;38,3;21
12,3;Odette;48;42/23;40,6;23
15,5;Aurora;66;119/83;37,2;18
14,7;Briar;73;96/77;41,5;16
20,2;Herrod;37;44/22;42,7;20
17;Kaseem;125;81/44;39,2;15
2,8;Myra;100;184/149;41,5;37
11;Cleo;24;95/64;36,7;28
15,2;Dahlia;23;98/75;36,8;20
5,2;Fallon;55;90/55;37,2;26
8,2;Camille;84;138/102;36,8;19
8,9;Myra;68;104/65;37,3;16
22,1;Jana;75;116/92;40,1;30
15,9;Shelby;111;121/82;36,7;12
22,9;Dakota;77;136/96;42,9;21
20,5;Robert;49;89/58;37;24
12,4;Holmes;49;46/28;36,9;15
18,9;Cullen;119;117/86;36,6;18
21,3;David;27;87/66;38,3;16
12,4;Kiona;69;179/157;38,6;14
20,8;Steel;69;111/85;36,8;11
1,2;Thaddeus;49;144/121;41,4;38
19,4;Orla;65;112/73;37,8;18
14,9;Alfonso;91;113/89;36,6;12
5,9;Daniel;67;140/114;37,1;14
11,3;Cathleen;62;93/53;36,8;21
19,5;Shellie;75;64/37;36,7;18
18;Mark;70;93/62;37,2;20
8,3;Kai;21;117/102;39,9;20
23;Basil;51;108/91;36,6;17
8,6;Lars;70;59/41;42,9;27
12;Lara;90;163/134;41;12
10;Geoffrey;79;101/75;37,1;36
8,4;Abraham;123;108/87;38,2;19
11,7;Sonia;87;131/107;41,9;28
18,3;Ross;53;74/52;41,9;20
10,1;Frances;48;100/70;36,7;36
22,4;Meghan;63;47/18;39,1;20
22,6;Larissa;76;75/57;37,6;28
22,1;Noelani;79;183/165;43;21
16,7;Reuben;105;83/59;36,7;16
22,8;Hashim;75;95/77;40,6;19
15;Jamal;34;46/20;37,2;19
15;Armand;40;63/27;37,1;19
19,9;Xavier;27;141/103;40;25
17,4;Ria;69;187/157;37,2;20
22,8;Vivian;150;114/86;40;13
18,9;Cade;89;119/91;37;12
16;Mari;103;146/122;41,3;21
13;Piper;80;140/109;37,1;36
5;Dennis;95;45/29;37,4;18
9;Francesca;88;56/23;41,7;39
6,4;Brent;75;91/71;42,4;29
13,3;Amaya;64;92/61;38,2;25
8,4;Cailin;32;167/144;41,5;15
22,9;Dalton;35;40/24;39,9;20
15,3;Susan;78;114/90;38,5;38
14,6;Keiko;80;102/64;36,9;23
12,6;Clayton;60;114/90;37,1;17
8,9;Kenneth;53;112/97;41,1;20
17,6;Vladimir;74;163/138;37,3;17
8,9;Amela;56;131/113;37,4;19
16,2;Kay;56;118/101;36,6;18
8,5;Cooper;20;90/59;40,9;11
12,1;Scarlett;25;96/76;36,9;19
20,3;Harriet;88;114/88;39,2;31
5,7;Cruz;40;90/69;43;15
12,7;Sybil;29;120/103;39,3;36
17,4;Allistair;35;108/72;39,1;17
21,9;Jael;21;153/120;40,3;17
12;Joy;43;92/66;41,9;17
10,4;Brynn;106;96/69;39,6;13
23,7;Sigourney;62;147/117;37,2;28
11,9;Georgia;62;164/140;37;30
22,8;Virginia;37;94/66;37,5;14
16,6;Adrienne;148;127/97;37,2;27
10,5;Seth;74;111/91;42,3;37
9,9;Cherokee;73;75/45;39,5;10
10,9;Unity;65;114/89;37,2;16
12,1;Alvin;64;42/22;36,8;19
12;Genevieve;57;155/132;37,6;36
13,4;Reed;72;94/56;36,7;12
13;Jelani;69;122/82;40,4;15
19,7;Bernard;57;102/72;40;11
21,6;Melyssa;20;113/83;38;19
18,9;Brianna;80;111/92;36,7;22
15,6;Hop;66;89/56;37,1;19
11,3;Britanni;37;151/129;36,6;29
5,1;Baxter;75;182/154;36,9;19
11,8;Quyn;32;81/44;37,2;27
13,6;Amela;24;60/20;37,1;32
18;Daquan;68;96/57;40,6;25
19,4;Kenyon;86;111/86;39,8;40
12,3;Abra;53;123/97;37,2;13
20,9;Hayley;80;128/98;36,8;15
21,8;Inga;140;103/78;36,6;37
19,7;Wesley;33;130/97;38;13
12,5;Eliana;44;88/56;37,2;18
1,4;Diana;38;41/20;37;18
19,6;Kenyon;39;68/40;36,6;15
19,7;Kessie;50;59/41;37;16
11,3;Rhonda;74;120/92;40,1;16
15,1;Evangeline;85;159/142;38,5;27
20,1;Kyla;90;120/81;38,7;20
14;Bruno;89;165/133;41,6;19
7,9;Regan;72;171/143;37,2;33
9,4;Cyrus;59;118/81;37,3;25
8,6;Shellie;62;142/112;36,8;25
